Entity,Code,Year,Annual_Investment,id,Total_Investment
Albania,ALB,2014,4578426,8,4578426
Albania,ALB,2016,2258014,8,6836440
Albania,ALB,2019,7419258,8,14255698
Albania,ALB,2020,4187914,8,18443612
Argentina,ARG,2013,1163174,32,1163174
Argentina,ARG,2014,1144607,32,2307781
Argentina,ARG,2016,1129007,32,3436788
Argentina,ARG,2017,5527297,32,8964085
Argentina,ARG,2018,1079101,32,10043186
Argentina,ARG,2019,3179682,32,13222868
Argentina,ARG,2020,26174463,32,39397331
Argentina,ARG,2021,17000000,32,56397331
Armenia,ARM,2020,3140936,51,3140936
Armenia,ARM,2021,12000000,51,15140936
Australia,AUS,2013,1163174,36,1163174
Australia,AUS,2014,1144607,36,2307781
Australia,AUS,2015,92603272,36,94911053
Australia,AUS,2016,89191555,36,184102608
Australia,AUS,2017,46429296,36,230531904
Australia,AUS,2018,182368151,36,412900055
Australia,AUS,2019,264973486,36,677873541
Australia,AUS,2020,419838381,36,1097711922
Australia,AUS,2021,2465000000,36,3562711922
Austria,AUT,2013,3489523,40,3489523
Austria,AUT,2014,6867639,40,10357162
Austria,AUT,2015,2286501,40,12643663
Austria,AUT,2016,5645035,40,18288698
Austria,AUT,2017,15476432,40,33765130
Austria,AUT,2018,59350582,40,93115712
Austria,AUT,2019,104929501,40,198045213
Austria,AUT,2020,148670948,40,346716161
Austria,AUT,2021,275000000,40,621716161
Bahrain,BHR,2021,40000000,48,40000000
Bangladesh,BGD,2019,1059894,50,1059894
Barbados,BRB,2016,20322126,52,20322126
Belarus,BLR,2016,2258014,112,2258014
Belarus,BLR,2017,8843675,112,11101689
Belarus,BLR,2020,2093957,112,13195646
Belgium,BEL,2013,8142221,56,8142221
Belgium,BEL,2014,28615164,56,36757385
Belgium,BEL,2015,137190032,56,173947417
Belgium,BEL,2016,76772478,56,250719895
Belgium,BEL,2017,318372312,56,569092207
Belgium,BEL,2018,48559567,56,617651774
Belgium,BEL,2019,170642925,56,788294699
Belgium,BEL,2020,392616940,56,1180911639
Belgium,BEL,2021,505000000,56,1685911639
Belize,BLZ,2019,10598939,84,10598939
Bermuda,BMU,2014,30904377,60,30904377
Bermuda,BMU,2017,86225835,60,117130212
Bermuda,BMU,2020,5234893,60,122365105
Bermuda,BMU,2021,50000000,60,172365105
Botswana,BWA,2014,1144607,72,1144607
Botswana,BWA,2015,1143250,72,2287857
Botswana,BWA,2019,1059894,72,3347751
Botswana,BWA,2021,1000000,72,4347751
Brazil,BRA,2013,2326349,76,2326349
Brazil,BRA,2014,21747525,76,24073874
Brazil,BRA,2015,144049534,76,168123408
Brazil,BRA,2016,14677091,76,182800499
Brazil,BRA,2017,129338752,76,312139251
Brazil,BRA,2018,212582993,76,524722244
Brazil,BRA,2019,423957578,76,948679822
Brazil,BRA,2020,811408343,76,1760088165
Brazil,BRA,2021,618000000,76,2378088165
Bulgaria,BGR,2013,1163174,100,1163174
Bulgaria,BGR,2014,1144607,100,2307781
Bulgaria,BGR,2015,28581257,100,30889038
Bulgaria,BGR,2017,1105459,100,31994497
Bulgaria,BGR,2018,130571280,100,162565777
Bulgaria,BGR,2019,2119788,100,164685565
Bulgaria,BGR,2021,1000000,100,165685565
Canada,CAN,2013,145396812,124,145396812
Canada,CAN,2014,193438508,124,338835320
Canada,CAN,2015,377272589,124,716107909
Canada,CAN,2016,1742057840,124,2458165749
Canada,CAN,2017,722970459,124,3181136208
Canada,CAN,2018,1724404178,124,4905540386
Canada,CAN,2019,1565463357,124,6471003743
Canada,CAN,2020,1700293096,124,8171296839
Canada,CAN,2021,3362000000,124,11533296839
Cayman Islands,CYM,2017,3316378,136,3316378
Cayman Islands,CYM,2018,9711913,136,13028291
Cayman Islands,CYM,2020,3140936,136,16169227
Cayman Islands,CYM,2021,16000000,136,32169227
Chile,CHL,2013,1163174,152,1163174
Chile,CHL,2014,114460656,152,115623830
Chile,CHL,2017,8843675,152,124467505
Chile,CHL,2018,89565424,152,214032929
Chile,CHL,2019,33916606,152,247949535
Chile,CHL,2020,95275044,152,343224579
Chile,CHL,2021,270000000,152,613224579
China,CHN,2013,140744114,156,140744114
China,CHN,2014,1713476018,156,1854220132
China,CHN,2015,1632561385,156,3486781517
China,CHN,2016,5686808385,156,9173589902
China,CHN,2017,5181288292,156,14354878194
China,CHN,2018,9731337219,156,24086215413
China,CHN,2019,8123027195,156,32209242608
China,CHN,2020,10615315084,156,42824557692
China,CHN,2021,23386000000,156,66210557692
Colombia,COL,2017,1105459,170,1105459
Colombia,COL,2019,6359364,170,7464823
Colombia,COL,2020,3140936,170,10605759
Colombia,COL,2021,15000000,170,25605759
Croatia,HRV,2016,3387021,191,3387021
Croatia,HRV,2018,6474609,191,9861630
Croatia,HRV,2019,3179682,191,13041312
Croatia,HRV,2020,1046979,191,14088291
Croatia,HRV,2021,197000000,191,211088291
Cyprus,CYP,2014,1144607,196,1144607
Cyprus,CYP,2015,2286501,196,3431108
Cyprus,CYP,2016,1129007,196,4560115
Cyprus,CYP,2017,2210919,196,6771034
Cyprus,CYP,2018,3237304,196,10008338
Cyprus,CYP,2019,3179682,196,13188020
Cyprus,CYP,2020,47114033,196,60302053
Cyprus,CYP,2021,27000000,196,87302053
Czechia,CZE,2013,20937141,203,20937141
Czechia,CZE,2015,2286501,203,23223642
Czechia,CZE,2016,3387021,203,26610663
Czechia,CZE,2017,9949135,203,36559798
Czechia,CZE,2018,3237304,203,39797102
Czechia,CZE,2019,9539046,203,49336148
Czechia,CZE,2020,52348925,203,101685073
Czechia,CZE,2021,61000000,203,162685073
Denmark,DNK,2013,18610792,208,18610792
Denmark,DNK,2015,28581257,208,47192049
Denmark,DNK,2016,30483190,208,77675239
Denmark,DNK,2017,84014916,208,161690155
Denmark,DNK,2018,232006820,208,393696975
Denmark,DNK,2019,67833212,208,461530187
Denmark,DNK,2020,273261390,208,734791577
Denmark,DNK,2021,435000000,208,1169791577
Ecuador,ECU,2017,1105459,218,1105459
Egypt,EGY,2019,2119788,818,2119788
Egypt,EGY,2020,2093957,818,4213745
Egypt,EGY,2021,69000000,818,73213745
El Salvador,SLV,2021,1000000,222,1000000
Estonia,EST,2014,26325951,233,26325951
Estonia,EST,2015,12575753,233,38901704
Estonia,EST,2016,7903049,233,46804753
Estonia,EST,2017,4421838,233,51226591
Estonia,EST,2018,23740233,233,74966824
Estonia,EST,2019,18018197,233,92985021
Estonia,EST,2020,26174463,233,119159484
Estonia,EST,2021,106000000,233,225159484
Finland,FIN,2013,18610792,246,18610792
Finland,FIN,2014,1144607,246,19755399
Finland,FIN,2015,154338786,246,174094185
Finland,FIN,2016,29354183,246,203448368
Finland,FIN,2017,87331294,246,290779662
Finland,FIN,2018,39926755,246,330706417
Finland,FIN,2019,295710411,246,626416828
Finland,FIN,2020,265932541,246,892349369
Finland,FIN,2021,224000000,246,1116349369
France,FRA,2013,56995550,250,56995550
France,FRA,2014,1420456739,250,1477452289
France,FRA,2015,398994344,250,1876446633
France,FRA,2016,806111016,250,2682557649
France,FRA,2017,1246958224,250,3929515873
France,FRA,2018,1355351469,250,5284867342
France,FRA,2019,1742465646,250,7027332988
France,FRA,2020,3087539617,250,10114872605
France,FRA,2021,3958000000,250,14072872605
Germany,DEU,2013,289630449,276,289630449
Germany,DEU,2014,466999476,276,756629925
Germany,DEU,2015,700812415,276,1457442340
Germany,DEU,2016,696597334,276,2154039674
Germany,DEU,2017,654431975,276,2808471649
Germany,DEU,2018,716523388,276,3524995037
Germany,DEU,2019,1153164612,276,4678159649
Germany,DEU,2020,1772534613,276,6450694262
Germany,DEU,2021,3370000000,276,9820694262
Ghana,GHA,2013,1163174,288,1163174
Ghana,GHA,2015,1143250,288,2306424
Ghana,GHA,2016,11290070,288,13596494
Ghana,GHA,2018,1079101,288,14675595
Ghana,GHA,2021,3000000,288,17675595
Greece,GRC,2014,426938246,300,426938246
Greece,GRC,2016,12419077,300,439357323
Greece,GRC,2017,66327565,300,505684888
Greece,GRC,2018,2158203,300,507843091
Greece,GRC,2019,11658833,300,519501924
Greece,GRC,2020,18845613,300,538347537
Greece,GRC,2021,58000000,300,596347537
Guatemala,GTM,2019,5299470,320,5299470
Hungary,HUN,2014,5723033,348,5723033
Hungary,HUN,2015,395564593,348,401287626
Hungary,HUN,2016,12419077,348,413706703
Hungary,HUN,2017,2210919,348,415917622
Hungary,HUN,2018,45322262,348,461239884
Hungary,HUN,2019,12718727,348,473958611
Hungary,HUN,2020,10469785,348,484428396
Hungary,HUN,2021,28000000,348,512428396
Iceland,ISL,2013,1163174,352,1163174
Iceland,ISL,2015,3429751,352,4592925
Iceland,ISL,2016,4516028,352,9108953
Iceland,ISL,2017,3316378,352,12425331
Iceland,ISL,2018,5395507,352,17820838
Iceland,ISL,2019,10598939,352,28419777
Iceland,ISL,2020,15704678,352,44124455
Iceland,ISL,2021,4000000,352,48124455
India,IND,2013,68627295,356,68627295
India,IND,2014,2719585184,356,2788212479
India,IND,2015,1142107019,356,3930319498
India,IND,2016,311605939,356,4241925437
India,IND,2017,5336052611,356,9577978048
India,IND,2018,7297963363,356,16875941411
India,IND,2019,981461793,356,17857403204
India,IND,2020,26600582930,356,44457986134
India,IND,2021,2203000000,356,46660986134
Indonesia,IDN,2013,2326349,360,2326349
Indonesia,IDN,2015,2286501,360,4612850
Indonesia,IDN,2016,2258014,360,6870864
Indonesia,IDN,2017,28741945,360,35612809
Indonesia,IDN,2018,61508785,360,97121594
Indonesia,IDN,2019,22257773,360,119379367
Indonesia,IDN,2020,781045966,360,900425333
Indonesia,IDN,2021,186000000,360,1086425333
Iran,IRN,2018,5395507,364,5395507
Ireland,IRL,2013,2326349,372,2326349
Ireland,IRL,2014,43495049,372,45821398
Ireland,IRL,2015,27438006,372,73259404
Ireland,IRL,2016,222414384,372,295673788
Ireland,IRL,2017,87331294,372,383005082
Ireland,IRL,2018,137045889,372,520050971
Ireland,IRL,2019,179122077,372,699173048
Ireland,IRL,2020,177986346,372,877159394
Ireland,IRL,2021,602000000,372,1479159394
Israel,ISR,2013,181455221,376,181455221
Israel,ISR,2014,170546377,376,352001598
Israel,ISR,2015,477878613,376,829880211
Israel,ISR,2016,546439400,376,1376319611
Israel,ISR,2017,638955544,376,2015275155
Israel,ISR,2018,1260390538,376,3275665693
Israel,ISR,2019,1490210887,376,4765876580
Israel,ISR,2020,2723191097,376,7489067677
Israel,ISR,2021,6219000000,376,13708067677
Italy,ITA,2013,15121268,380,15121268
Italy,ITA,2014,26325951,380,41447219
Italy,ITA,2015,45730011,380,87177230
Italy,ITA,2016,18064112,380,105241342
Italy,ITA,2017,11054594,380,116295936
Italy,ITA,2018,263300763,380,379596699
Italy,ITA,2019,223637622,380,603234321
Italy,ITA,2020,195784981,380,799019302
Italy,ITA,2021,224000000,380,1023019302
Japan,JPN,2013,47690154,392,47690154
Japan,JPN,2014,85845492,392,133535646
Japan,JPN,2015,256088060,392,389623706
Japan,JPN,2016,940462852,392,1330086558
Japan,JPN,2017,738446891,392,2068533449
Japan,JPN,2018,1035937428,392,3104470877
Japan,JPN,2019,1794400449,392,4898871326
Japan,JPN,2020,2306493651,392,7205364977
Japan,JPN,2021,1423000000,392,8628364977
Jordan,JOR,2019,1059894,400,1059894
Kazakhstan,KAZ,2020,1046979,398,1046979
Kazakhstan,KAZ,2021,1000000,398,2046979
Kenya,KEN,2016,2258014,404,2258014
Kenya,KEN,2017,5527297,404,7785311
Kenya,KEN,2018,9711913,404,17497224
Kenya,KEN,2019,19078091,404,36575315
Kenya,KEN,2020,17798635,404,54373950
Kenya,KEN,2021,15000000,404,69373950
Latvia,LVA,2014,1144607,428,1144607
Latvia,LVA,2015,1143250,428,2287857
Latvia,LVA,2017,4421838,428,6709695
Latvia,LVA,2018,10791015,428,17500710
Latvia,LVA,2019,2119788,428,19620498
Latvia,LVA,2020,5234893,428,24855391
Latvia,LVA,2021,1000000,428,25855391
Lebanon,LBN,2017,1105459,422,1105459
Lebanon,LBN,2018,1079101,422,2184560
Lithuania,LTU,2016,1129007,440,1129007
Lithuania,LTU,2017,1105459,440,2234466
Lithuania,LTU,2018,3237304,440,5471770
Lithuania,LTU,2019,10598939,440,16070709
Lithuania,LTU,2020,5234893,440,21305602
Lithuania,LTU,2021,9000000,440,30305602
Luxembourg,LUX,2014,311332984,442,311332984
Luxembourg,LUX,2017,1105459,442,312438443
Luxembourg,LUX,2018,8632812,442,321071255
Luxembourg,LUX,2019,6359364,442,327430619
Luxembourg,LUX,2020,442871909,442,770302528
Luxembourg,LUX,2021,307000000,442,1077302528
Madagascar,MDG,2019,5299470,450,5299470
Malaysia,MYS,2015,5716251,458,5716251
Malaysia,MYS,2016,2258014,458,7974265
Malaysia,MYS,2017,1105459,458,9079724
Malaysia,MYS,2018,51796871,458,60876595
Malaysia,MYS,2019,81611834,458,142488429
Malaysia,MYS,2020,47114033,458,189602462
Malaysia,MYS,2021,106000000,458,295602462
Malta,MLT,2014,1144607,470,1144607
Malta,MLT,2017,1105459,470,2250066
Malta,MLT,2020,32456334,470,34706400
Mauritius,MUS,2016,1129007,480,1129007
Mauritius,MUS,2019,2119788,480,3248795
Mauritius,MUS,2020,4187914,480,7436709
Mauritius,MUS,2021,23000000,480,30436709
Mexico,MEX,2013,1163174,484,1163174
Mexico,MEX,2014,2289213,484,3452387
Mexico,MEX,2015,9146002,484,12598389
Mexico,MEX,2016,11290070,484,23888459
Mexico,MEX,2017,28741945,484,52630404
Mexico,MEX,2018,7553710,484,60184114
Mexico,MEX,2019,146265364,484,206449478
Mexico,MEX,2020,41879140,484,248328618
Mexico,MEX,2021,210000000,484,458328618
Netherlands,NLD,2013,10468570,528,10468570
Netherlands,NLD,2014,28615164,528,39083734
Netherlands,NLD,2015,300674821,528,339758555
Netherlands,NLD,2016,681920243,528,1021678798
Netherlands,NLD,2017,601369923,528,1623048721
Netherlands,NLD,2018,1790229369,528,3413278090
Netherlands,NLD,2019,356124366,528,3769402456
Netherlands,NLD,2020,440777951,528,4210180407
Netherlands,NLD,2021,931000000,528,5141180407
New Zealand,NZL,2014,13735279,554,13735279
New Zealand,NZL,2015,6859502,554,20594781
New Zealand,NZL,2016,176125096,554,196719877
New Zealand,NZL,2017,1105459,554,197825336
New Zealand,NZL,2018,53955074,554,251780410
New Zealand,NZL,2019,280871895,554,532652305
New Zealand,NZL,2020,136107206,554,668759511
New Zealand,NZL,2021,1261000000,554,1929759511
Nigeria,NGA,2016,56450351,566,56450351
Nigeria,NGA,2018,11870116,566,68320467
Nigeria,NGA,2019,13778621,566,82099088
Nigeria,NGA,2020,3140936,566,85240024
Nigeria,NGA,2021,2000000,566,87240024
Norway,NOR,2013,3489523,578,3489523
Norway,NOR,2014,51507295,578,54996818
Norway,NOR,2015,1143250,578,56140068
Norway,NOR,2016,14677091,578,70817159
Norway,NOR,2017,113862320,578,184679479
Norway,NOR,2018,67983394,578,252662873
Norway,NOR,2019,274512532,578,527175405
Norway,NOR,2020,432402123,578,959577528
Norway,NOR,2021,437000000,578,1396577528
Pakistan,PAK,2015,1143250,586,1143250
Pakistan,PAK,2017,1105459,586,2248709
Pakistan,PAK,2019,1059894,586,3308603
Pakistan,PAK,2021,7000000,586,10308603
Panama,PAN,2021,1000000,591,1000000
Peru,PER,2019,1059894,604,1059894
Peru,PER,2020,3140936,604,4200830
Peru,PER,2021,1000000,604,5200830
Philippines,PHL,2014,2289213,608,2289213
Philippines,PHL,2015,2286501,608,4575714
Philippines,PHL,2018,3237304,608,7813018
Philippines,PHL,2020,1046979,608,8859997
Philippines,PHL,2021,4000000,608,12859997
Poland,POL,2013,2326349,616,2326349
Poland,POL,2014,10301459,616,12627808
Poland,POL,2015,51446262,616,64074070
Poland,POL,2016,21451133,616,85525203
Poland,POL,2017,59694809,616,145220012
Poland,POL,2018,30214842,616,175434854
Poland,POL,2019,104929501,616,280364355
Poland,POL,2020,148670948,616,429035303
Poland,POL,2021,119000000,616,548035303
Portugal,PRT,2013,3489523,620,3489523
Portugal,PRT,2014,10301459,620,13790982
Portugal,PRT,2015,24008256,620,37799238
Portugal,PRT,2016,15806098,620,53605336
Portugal,PRT,2017,212248208,620,265853544
Portugal,PRT,2018,161865223,620,427718767
Portugal,PRT,2019,115528440,620,543247207
Portugal,PRT,2020,18845613,620,562092820
Portugal,PRT,2021,272000000,620,834092820
Puerto Rico,PRI,2019,2119788,630,2119788
Puerto Rico,PRI,2021,1000000,630,3119788
Romania,ROU,2014,2289213,642,2289213
Romania,ROU,2016,1129007,642,3418220
Romania,ROU,2019,5299470,642,8717690
Romania,ROU,2020,5234893,642,13952583
Romania,ROU,2021,42000000,642,55952583
Russia,RUS,2013,1163174,643,1163174
Russia,RUS,2015,5716251,643,6879425
Russia,RUS,2016,9032056,643,15911481
Russia,RUS,2017,15476432,643,31387913
Russia,RUS,2018,51796871,643,83184784
Russia,RUS,2019,32856712,643,116041496
Russia,RUS,2020,24080506,643,140122002
Russia,RUS,2021,24000000,643,164122002
Saint Kitts and Nevis,KNA,2021,1000000,659,1000000
Saudi Arabia,SAU,2014,2289213,682,2289213
Saudi Arabia,SAU,2015,1143250,682,3432463
Saudi Arabia,SAU,2016,74514464,682,77946927
Saudi Arabia,SAU,2017,24320107,682,102267034
Saudi Arabia,SAU,2018,1154638592,682,1256905626
Saudi Arabia,SAU,2019,241655819,682,1498561445
Saudi Arabia,SAU,2020,15559147594,682,17057709039
Saudi Arabia,SAU,2021,230000000,682,17287709039
Serbia,SRB,2018,1079101,688,1079101
Seychelles,SYC,2016,1129007,690,1129007
Seychelles,SYC,2017,1105459,690,2234466
Seychelles,SYC,2021,1000000,690,3234466
Singapore,SGP,2013,27916188,702,27916188
Singapore,SGP,2014,107593017,702,135509205
Singapore,SGP,2015,389848342,702,525357547
Singapore,SGP,2016,190802187,702,716159734
Singapore,SGP,2017,301790421,702,1017950155
Singapore,SGP,2018,1163271404,702,2181221559
Singapore,SGP,2019,2231076754,702,4412298313
Singapore,SGP,2020,1354790188,702,5767088501
Singapore,SGP,2021,3465000000,702,9232088501
Slovakia,SVK,2014,1144607,703,1144607
Slovakia,SVK,2015,2286501,703,3431108
Slovakia,SVK,2016,1129007,703,4560115
Slovakia,SVK,2017,29847404,703,34407519
Slovakia,SVK,2018,4316406,703,38723925
Slovakia,SVK,2019,8479152,703,47203077
Slovakia,SVK,2020,11516764,703,58719841
Slovakia,SVK,2021,2000000,703,60719841
Slovenia,SVN,2017,5527297,705,5527297
Slovenia,SVN,2019,1059894,705,6587191
Slovenia,SVN,2020,4187914,705,10775105
Slovenia,SVN,2021,4000000,705,14775105
South Africa,ZAF,2015,26294756,710,26294756
South Africa,ZAF,2016,59837372,710,86132128
South Africa,ZAF,2017,80698538,710,166830666
South Africa,ZAF,2018,73378901,710,240209567
South Africa,ZAF,2019,227877198,710,468086765
South Africa,ZAF,2020,102603894,710,570690659
South Africa,ZAF,2021,264000000,710,834690659
South Korea,KOR,2013,5815872,410,5815872
South Korea,KOR,2014,17169098,410,22984970
South Korea,KOR,2015,217217551,410,240202521
South Korea,KOR,2016,193060201,410,433262722
South Korea,KOR,2017,166924372,410,600187094
South Korea,KOR,2018,285961894,410,886148988
South Korea,KOR,2019,805519398,410,1691668386
South Korea,KOR,2020,1053260378,410,2744928764
South Korea,KOR,2021,5413000000,410,8157928764
Spain,ESP,2013,65137772,724,65137772
Spain,ESP,2014,85845492,724,150983264
Spain,ESP,2015,51446262,724,202429526
Spain,ESP,2016,169351054,724,371780580
Spain,ESP,2017,172451669,724,544232249
Spain,ESP,2018,159707020,724,703939269
Spain,ESP,2019,341285850,724,1045225119
Spain,ESP,2020,346549886,724,1391775005
Spain,ESP,2021,678000000,724,2069775005
Sri Lanka,LKA,2017,2210919,144,2210919
Sri Lanka,LKA,2018,2158203,144,4369122
Sri Lanka,LKA,2019,1059894,144,5429016
Sweden,SWE,2013,18610792,752,18610792
Sweden,SWE,2014,38916623,752,57527415
Sweden,SWE,2015,37727259,752,95254674
Sweden,SWE,2016,75643471,752,170898145
Sweden,SWE,2017,53062052,752,223960197
Sweden,SWE,2018,124096671,752,348056868
Sweden,SWE,2019,110228970,752,458285838
Sweden,SWE,2020,164375626,752,622661464
Sweden,SWE,2021,12534000000,752,13156661464
Switzerland,CHE,2013,112827926,756,112827926
Switzerland,CHE,2014,187715476,756,300543402
Switzerland,CHE,2015,926032718,756,1226576120
Switzerland,CHE,2016,307089911,756,1533666031
Switzerland,CHE,2017,478663928,756,2012329959
Switzerland,CHE,2018,775873970,756,2788203929
Switzerland,CHE,2019,892430702,756,3680634631
Switzerland,CHE,2020,2896989529,756,6577624160
Switzerland,CHE,2021,1000000000,756,7577624160
Taiwan,TWN,2013,19773966,158,19773966
Taiwan,TWN,2014,2289213,158,22063179
Taiwan,TWN,2015,20578505,158,42641684
Taiwan,TWN,2016,38386239,158,81027923
Taiwan,TWN,2017,13265513,158,94293436
Taiwan,TWN,2018,9711913,158,104005349
Taiwan,TWN,2019,170642925,158,274648274
Taiwan,TWN,2020,65959646,158,340607920
Taiwan,TWN,2021,61000000,158,401607920
Thailand,THA,2016,1129007,764,1129007
Thailand,THA,2018,6474609,764,7603616
Thailand,THA,2019,4239576,764,11843192
Thailand,THA,2020,3140936,764,14984128
Thailand,THA,2021,5000000,764,19984128
Trinidad and Tobago,TTO,2018,10791015,780,10791015
Tunisia,TUN,2018,1079101,788,1079101
Turkey,TUR,2016,4516028,792,4516028
Turkey,TUR,2017,4421838,792,8937866
Turkey,TUR,2018,8632812,792,17570678
Turkey,TUR,2019,9539046,792,27109724
Turkey,TUR,2020,9422807,792,36532531
Turkey,TUR,2021,99000000,792,135532531
Ukraine,UKR,2018,1079101,804,1079101
Ukraine,UKR,2019,10598939,804,11678040
Ukraine,UKR,2020,11516764,804,23194804
Ukraine,UKR,2021,642000000,804,665194804
United Arab Emirates,ARE,2015,1143250,784,1143250
United Arab Emirates,ARE,2016,1129007,784,2272257
United Arab Emirates,ARE,2017,14370972,784,16643229
United Arab Emirates,ARE,2018,128413077,784,145056306
United Arab Emirates,ARE,2019,65713425,784,210769731
United Arab Emirates,ARE,2020,37691226,784,248460957
United Arab Emirates,ARE,2021,846000000,784,1094460957
United Kingdom,GBR,2013,218676805,826,218676805
United Kingdom,GBR,2014,937432772,826,1156109577
United Kingdom,GBR,2015,1015206240,826,2171315817
United Kingdom,GBR,2016,3478470644,826,5649786461
United Kingdom,GBR,2017,1346449571,826,6996236032
United Kingdom,GBR,2018,2420424638,826,9416660670
United Kingdom,GBR,2019,2507709074,826,11924369744
United Kingdom,GBR,2020,5165791954,826,17090161698
United Kingdom,GBR,2021,6507000000,826,23597161698
United States,USA,2013,7932850061,840,7932850061
United States,USA,2014,13863474640,840,21796324701
United States,USA,2015,19136866265,840,40933190966
United States,USA,2016,22260631511,840,63193822477
United States,USA,2017,24524617188,840,87718439665
United States,USA,2018,48413888259,840,1.36132E+11
United States,USA,2019,1.00536E+11,840,2.36669E+11
United States,USA,2020,74335474005,840,3.11004E+11
United States,USA,2021,1.50819E+11,840,4.61823E+11
Uruguay,URY,2020,2093957,858,2093957
Uruguay,URY,2021,100000000,858,102093957
Venezuela,VEN,2019,1059894,862,1059894
Vietnam,VNM,2016,2258014,704,2258014
Vietnam,VNM,2019,6359364,704,8617378
Vietnam,VNM,2020,8375828,704,16993206
Vietnam,VNM,2021,17000000,704,33993206
